( 22, 233, 71 )
  ( 22, 71, 233 )
( 69, 32, 252 )
  ( 69, 252, 32 )
( 255, 31, 11 )
  ( 255, 11, 31 )
( 235, 255, 4 )
  ( 235, 4, 255 )
( 254, 114, 235 )
  ( 254, 235, 114 )
( 22, 233, 71 )
( 69, 32, 252 )
  ( 45, 161, 132 )
( 22, 233, 71 )
( 255, 31, 11 )
  ( 138, 41, 132 )
( 22, 233, 71 )
( 235, 255, 4 )
  ( 128, 37, 244 )
( 22, 233, 71 )
( 254, 114, 235 )
  ( 138, 153, 173 )
( 69, 32, 252 )
( 255, 31, 11 )
  ( 162, 131, 31 )
( 69, 32, 252 )
( 235, 255, 4 )
  ( 152, 128, 143 )
( 69, 32, 252 )
( 254, 114, 235 )
  ( 161, 243, 73 )
( 255, 31, 11 )
( 235, 255, 4 )
  ( 245, 7, 143 )
( 255, 31, 11 )
( 254, 114, 235 )
  ( 254, 123, 72 )
( 235, 255, 4 )
( 254, 114, 235 )
  ( 244, 119, 184 )
( 22, 233, 71 )
( 69, 32, 252 )
( 255, 31, 11 )
  ( 115, 111, 98 )
( 22, 233, 71 )
( 69, 32, 252 )
( 235, 255, 4 )
  ( 108, 109, 173 )
( 22, 233, 71 )
( 69, 32, 252 )
( 254, 114, 235 )
  ( 115, 186, 126 )
( 22, 233, 71 )
( 255, 31, 11 )
( 235, 255, 4 )
  ( 170, 28, 173 )
( 22, 233, 71 )
( 255, 31, 11 )
( 254, 114, 235 )
  ( 177, 105, 126 )
( 22, 233, 71 )
( 235, 255, 4 )
( 254, 114, 235 )
  ( 170, 103, 200 )
( 69, 32, 252 )
( 255, 31, 11 )
( 235, 255, 4 )
  ( 186, 89, 106 )
( 69, 32, 252 )
( 255, 31, 11 )
( 254, 114, 235 )
  ( 192, 166, 59 )
( 69, 32, 252 )
( 235, 255, 4 )
( 254, 114, 235 )
  ( 186, 163, 133 )
( 255, 31, 11 )
( 235, 255, 4 )
( 254, 114, 235 )
  ( 248, 83, 133 )
( 22, 233, 71 )
( 69, 32, 252 )
( 255, 31, 11 )
( 235, 255, 4 )
  ( 145, 84, 137 )
( 22, 233, 71 )
( 69, 32, 252 )
( 255, 31, 11 )
( 254, 114, 235 )
  ( 150, 142, 102 )
( 22, 233, 71 )
( 69, 32, 252 )
( 235, 255, 4 )
( 254, 114, 235 )
  ( 145, 140, 158 )
( 22, 233, 71 )
( 255, 31, 11 )
( 235, 255, 4 )
( 254, 114, 235 )
  ( 191, 80, 158 )
( 69, 32, 252 )
( 255, 31, 11 )
( 235, 255, 4 )
( 254, 114, 235 )
  ( 203, 125, 108 )
( 22, 233, 71 )
( 69, 32, 252 )
( 255, 31, 11 )
( 235, 255, 4 )
( 254, 114, 235 )
  ( 167, 114, 133 )
